Q1: 2403 1210 2829 906 3707 871 2465 578 4937 1137 
Q2: 2003 3176 531 1243 3683 2702 4427 442 4506 4327 
Q3: 2857 291 3627 4122 687 4226 4214 3938 376 1443 
Q4: 3003 4044 4597 4203 3855 2424 3818 887 1528 2963 
Q5: 2666 4280 2455 3285 3766 366 4998 2039 399 2613 
Q6: 4590 1980 3379 3788 4075 310 1075 2596 1031 4666 
Q7: 1547 393 3886 1668 4910 3259 1487 4459 206 4000 
Q8: 4684 2718 4262 2552 4931 4493 1409 2999 3412 1931 
Q9: 4256 1130 3052 1300 2018 1852 4476 3211 2573 2340 
Q10: 530 253 3323 3860 3113 3072 367 489 4263 2617 
Q11: 2430 675 86 4405 4638 72 430 4787 1218 1478 
Q12: 416 4789 2427 2002 774 2224 2960 3588 2349 4788 
Q13: 729 573 3739 43 3028 4325 4037 390 3283 1975 
Q14: 1038 4846 1213 181 1908 2289 2065 1384 1063 99 
Q15: 3696 3615 4092 3421 1717 129 4426 4741 3052 60 
Q16: 2 3529 384 7 1981 2845 4402 4944 2844 238 
Q17: 2982 4968 3878 209 917 3123 3758 411 1897 3824 
Q18: 1001 1505 4286 3168 1977 2998 159 4040 1809 2931 
Q19: 3647 2917 3864 2563 1320 3862 2679 3631 1018 4601 
Q20: 1384 4619 2065 272 2315 1481 4442 2173 4192 1213 