Q1: 2403 3684 4040 4072 4154 2004 4223 4853 188 843 
Q2: 1227 2003 839 934 2296 2490 3875 4435 961 1243 
Q3: 2857 2726 1481 2683 4224 4674 4296 1137 1227 125 
Q4: 139 4859 981 4768 542 2657 1614 1910 1302 2071 
Q5: 2666 1348 1598 1806 4288 4340 294 4487 4876 4734 
Q6: 139 4018 1107 3028 1254 3647 1198 3682 1854 12 
Q7: 298 3362 1044 280 921 511 4943 3777 2598 362 
Q8: 2563 1095 2245 4836 3037 4441 4561 2703 984 690 
Q9: 4256 1242 3582 4012 1852 1959 3268 4234 1161 1505 
Q10: 3259 461 3647 2715 4288 3113 143 4493 2684 4859 
Q11: 86 4610 3268 4135 725 1164 2402 1124 623 3541 
Q12: 1332 3588 4572 643 2044 123 3493 1657 298 2849 
Q13: 4325 3815 2580 975 2433 2677 3098 2849 3137 3890 
Q14: 1411 3838 672 3826 843 2727 2880 4974 1806 3682 
Q15: 143 4153 3700 3856 4712 2309 3917 3663 3421 3826 
Q16: 2 2673 3747 1690 3850 1411 4974 4616 808 4206 
Q17: 921 3493 2722 463 2296 4868 236 429 105 298 
Q18: 3588 2778 4977 89 1171 1904 4286 1120 346 3358 
Q19: 672 3838 3765 2727 4948 3504 1380 4974 3093 2058 
Q20: 4778 3464 2453 1598 346 1566 1578 4734 3431 4429 
